$ANSIBLE_VAULT;1.1;AES256
34373033393365323236303764396336353362666633356532326237353139633730626638353935
3331386331383736393264313631663732643061636334650a633338653265613532303061356633
66353532633034633835633063306338623536376461646561306534366630653465333463636238
6562613530666437610a636134356539613361616466623162626664343166666461396264656235
61363536386138613836376336336138643364366631356231323766303136393335336636373333
32316465336335303637313030303861323936313535646366613831313563633763393562643562
31313130306665653465343865646530353632613461623862613565303664316563303230643338
36363338356566313534376566303662646331656435366132333634306339366237646130386633
37353031383463363966656638343631386137373035656531333864363865633463376336333030
34306161353438363166636566323330626439363432323930303739663432333166656230373936
31616563336235326636643962643866343239306239623661313332333066616430356539393730
61353665623339333539346266363334363834313237396633343136653432636332336638633838
61613962616233306431633036363364373464383065383731663865626432353164626438643231
37333735343137316466353831333336616466326365303332636562356130663636323332626538
38636561623361636134303266656231333431353161623761633731373036393132393235363765
61323932656361393130336639363636666162353363363665636262386538363664346361343132
31316239363331333165383065353463613631633439643764326430616430383534653961383562
39386362663665626434393234653730363665623635666331363361333733616538663231316233
35363336633038303236616138353163353761613639626664633939633130633433353064663133
65616237383237353335373530386137366233616332656530623938353537646532306665363933
62646430636664363337393335366531653236653766383637373630393034616535663036643736
39653761663062663330353938356266366465343931396265643838313532656466336437386134
63623736303762383836373662313062316231363562313661643431316338646631373838333234
34373630343532343665626534613632646166363866343263353338336263633937303238303532
3266
