$ANSIBLE_VAULT;1.1;AES256
32323737643837353165663130333966643465333461326264356166333932333363336330653835
3764326139643435323861613465613864313862626164630a656330343631613635363831646232
38363932666433396239336630396166343639353230386331313163303131303830613936353137
3237336136373963330a643334663531303664393333623938303237376135643438396133643530
36653939306436663165393865613636346134333163656537383130663438613434326432613532
65336632343665633365346337336165356638303737383663363133396437653130383131316632
66386161343333313161386665326234316363383131623564643434653933396461356365623839
37303633373234616564313433386231393763313161653532313366663938386235656166656262
34643535313330356538306133313636343430303832666435353034323334313630613935663532
32666137663465613933323530393236353061396638346431393032306535333961386334626265
38633334383533343262356166306264343039396133636165653864616638343066393230373639
32376330376438666265366537356439626363326363366239373233373161643264316436326634
61636138363530396631373433376632636332356263663164646535343134356637336232326165
32316131383336303465313934633837613061396538613763373534643332653465656364383863
62613038653036323432336639666466666366616334613239613236633264336439666366633265
35363533663539643134656538623563393730316337626430336462613534613164323135396138
61613232613837636638633263623835366437316334396661663732643662363837386537383837
38383030373335616265353164373465323032383931336166336631313039666464633930636464
30346230613139383135613334303461376662633639346330353965643739343738626165616534
33633363336338393930633964663237313162633030306563393164633864383637326535376432
66386238366432356331326161353535326566646637623135326237303631326436306436656136
34383838653763633766663565336635323536633964663639646161333862623333393336613265
30643762383262346531623235393965363736316165653533383264346632633132643261376131
66346161643265343034363038626336363563616536343963303336373162356363363835313335
39666530343938613733316564353532643364353563666632326639396261326261643764636335
30363338623236366434366537633661376531353931633236376363666166623536663661396136
62333562346639373161363665343835373133366165376331663431646234623463633334303835
64393235636432623662636233343939356130386161633337333833353134313766303330366161
35333364633137326566306233666364633833343830373630363662393432656234306632346337
39323230633039343934393265376337386166346132366236623630653662343933343431633061
37326333343030616531376430363165333831336539333030343964373332613665316535333738
37373261386262373464623061393764356334326338373861343337383965306635306235626232
62326134613561386463363530366530313733646163313237333364316634376532653864663138
66613937343234323362343665663165346464613165346238643963666330623565656533633165
39393466616430646362383764656238373736393136396334343135333566343431666463636266
63656331643235363535626438626663386538303830343332343631613337653338346131646635
64383737316530306463343638373062366237613363373635313764303734376630643361383965
33353862356437376366333061613365633834353966303533663965313962396535336663663233
62326536313462363031653335383664653233306366363965303930616163656263323337653431
66346333353436653331303830646334373638323139636338393539303538356531303561643162
66376136333139643635653166663133346664356365343737343938356636383461616636613530
61303833373030653363383866663133316233326237353761306235663631356136663766376239
63303936396331346630613931333631663233646631373239386261653334373330383233333633
36373664626539393063
